,loss,MeanAbsoluteError,val_loss,val_MeanAbsoluteError
0,226.02447752529483,2.765927791595459,3.2928764828543455,1.5599970817565918
1,3.059054239762487,1.3846774101257324,5.213701003839161,2.042297601699829
2,2.6431494273727747,1.2820472717285156,2.4163068083973673,1.1863888502120972
3,2.554627415945204,1.2421213388442993,2.597150687203075,1.3049116134643555
4,2.503487037526046,1.2215385437011719,2.69344156241614,1.3487712144851685
5,2.4903667630623283,1.2165426015853882,2.381015988420849,1.177315592765808
6,2.4993195493730136,1.2188249826431274,2.462947198322841,1.1804938316345215
7,2.452249338015092,1.2018473148345947,3.5193426504889516,1.3840192556381226
8,2.4507994600337186,1.2006008625030518,2.773461554942756,1.387389063835144
